[EDITOR_STAGIAIRE]
ACTIVE_GRID=0
GRID_VISIBILITY=0
INITIAL_X_POS=259
INITIAL_Y_POS=19
WINDOW_PLACEMENT=2C0000000000000001000000FFFFFFFFFFFFFFFFF8FFFFFFE2FFFFFF160000001D00000060030000A701000037
ZOOM=100
PREVIEW=0
PREVIEW_RECT=000000000000000048030000A4040000F3
PREVIEW_AUTO=0
PREVIEW_FACTOR=4.000000
[EDITOR_SLASHPOOK]
DISPLAY_DETAIL_ITEM=1
SEARCH_ITEM=1
RESTORE_FILE=1
RESTORE_ITEM=1
FILE_SUBSCRIPTION=0
LINK_ATTACHED_KEY=1
LOADONOPEN=2
DB_SYNCHRO_FREQUENCY=604800
ACTIVE_GRID=0
GRID_VISIBILITY=0
INITIAL_X_POS=174
INITIAL_Y_POS=87
WINDOW_PLACEMENT=2C0000000200000003000000FFFFFFFFFFFFFFFFF8FFFFFFE1FFFFFF9C0000009C0000006607000044020000E7
ZOOM=100
PREVIEW=0
PREVIEW_RECT=3701000044FFFFFF7F040000E8030000E7
PREVIEW_AUTO=0
PREVIEW_FACTOR=4.000000
